Summary: Events from 2019-10-01 to 2020-04-18, total number 154 
https://dukegroups.com/events?show=past&event_type=7334&from_date=01+Oct+2019&to_date=18+Apr+2020
[eventId]
702694
700122
702620
698922
644545
644518
644501
700119
644391
687061
700117
698913
644544
644517
644500
700113
644390
687060
696978
644543
644516
644389
696976
696949
644542
696831
696974
644499
696972
644727
644703
644682
644660
644632
644781
644617
644596
686381
686381
644540
644513
644497
644427
644386
646159
644726
644702
644681
644789
644659
644631
644616
644595
686379
644539
644512
644496
644426
644385
645738
644725
644701
644680
646141
644630
644780
644615
644594
669586
644538
644511
644495
644425
644384
645724
680976
644724
644700
646130
644679
644788
644657
644629
644614
644593
644537
644510
644494
644424
644383
646116
667304
644723
644699
644678
667315
658138
644656
657789
644628
644779
644613
644592
658137
667299
644536
644509
644493
644423
657920
644382
645694
644722
644698
644677
644787
655626
646096
644627
655620
644612
644591
644535
644508
644492
644422
644381
645680
644721
644697
644676
646083
644626
644611
644590
644305
644534
644507
644491
644421
644380
644719
644691
644672
644785
644624
644771
644606
644588
644523
644437
644401
644375
Summary: Events from 2020-04-19 to 2020-11-05, total number 282 
https://dukegroups.com/events?show=past&event_type=7334&from_date=19+Apr+2020&to_date=05+Nov+2020
[eventId]
745365
872176
878866
867687
867677
904867
868342
858645
815511
878846
872135
816315
739599
858614
745364
867690
816314
858606
745363
825345
739240
858594
877324
745362
873608
858406
745361
734659
734698
858401
872546
816313
739600
739600
858377
745360
734345
816312
858326
745359
834051
739239
858321
832119
832131
745358
832082
858299
745357
734654
734696
858276
816311
739602
858278
745356
861957
734341
816310
858271
745355
834047
832130
739238
858263
858263
868439
858032
745354
864167
832070
858257
745353
734648
734694
858247
861872
816309
739603
848197
858244
745352
734339
816308
858233
745351
834044
832129
739237
832095
858225
745350
849689
816320
745349
852739
734577
734685
735860
798718
815504
739337
745348
734337
745347
834022
816333
739236
816329
816319
745346
832068
816318
745345
734572
734690
861094
790512
790507
816307
739591
745344
815491
734330
816306
745343
816332
739235
816328
745342
816317
745341
734562
734689
790505
790511
816305
816277
739583
745340
827925
734329
816304
745339
816331
739234
816326
773522
808617
745338
745337
781463
734549
734688
816316
790503
790510
816303
739581
745336
734328
816302
745335
739233
803787
745334
745333
734544
734687
790216
811319
739335
745332
734327
735858
745331
745330
745329
734539
734686
739334
745328
756475
734326
745327
739232
745326
745325
734530
734676
739316
745324
734318
745322
739231
733759
734666
739299
734307
745580
739220
745516
740493
731105
739041
733078
732949
732942
732857
732809
732737
714560
714558
709422
707349
714562
714559
709421
707348
709943
709986
714563
714557
709420
707347
710031
709941
709982
714552
714553
709419
707346
709939
710029
709981
709418
707345
710027
708976
709937
709035
708975
709959
708467
708200
709417
708974
707344
708973
710008
709034
708972
709033
708466
708199
709416
709992
708971
707343
708970
708969
708465
708198
708968
707342
708967
687063
702696
700125
700130
703195
703197
703196
702621
698923
644546
644519
644502
700127
703215
687062
Summary: Events from 2020-11-06 to 2021-05-25, total number 119 
https://dukegroups.com/events?show=past&event_type=7334&from_date=06+Nov+2020&to_date=25+May+2021
[eventId]
1098877
1098822
1101433
1098871
1098819
1098869
1098816
1098863
1098799
1076144
1076128
1070634
1070630
1076135
1070619
1076130
1070617
939440
921185
1073549
921213
918722
918501
921055
918498
918783
920587
918717
920633
918491
938979
939431
921183
1071032
1073525
921212
918694
918488
921048
918487
1066117
918690
1039803
1080173
918782
920583
1045765
1042674
1049717
1045714
1043273
1043646
1042699
1042896
1043777
920630
1040345
1061589
1053166
1048687
1042620
1061585
1045710
918486
1040382
1060154
1042751
1071165
1043653
1042911
938978
1046616
1039824
1071515
1077453
1040359
939432
921181
1073495
1077054
1048522
921210
918688
918484
921046
918482
918646
920582
918780
920628
1051156
918481
938974
1012488
939427
1061477
1046781
921179
1053832
921209
918627
918480
921044
918477
918625
918777
920580
1059587
920625
918476
938973
939426
921178
921204
918616
918474
921040
918472
Summary: Events from 2021-05-26 to 2021-12-12, total number 308 
https://dukegroups.com/events?show=past&event_type=7334&from_date=26+May+2021&to_date=12+Dec+2021
[eventId]
1156542
1156150
1152814
1152577
1170679
1157080
1170070
1389620
1152470
1170068
1380573
1399620
1152252
1152854
1156926
1156876
1170112
1387162
1156110
1424282
1342412
1156537
1156146
1152755
1152570
1170675
1157078
1152458
1367371
1157053
1391860
1152455
1170065
1170042
1152248
1156925
1156829
1177466
1170111
1364318
1371287
1162489
1155093
1376685
1156433
1372384
1163018
1156144
1152754
1152563
1170673
1376686
1157052
1152453
1377222
1170064
1163028
1197619
1152246
1152848
1378843
1156923
1156797
1170109
1155087
1377848
1364315
1156387
1163010
1156141
1152750
1152556
1170672
1170669
1157049
1152450
1395696
1170062
1162880
1152241
1362295
1156918
1156693
1170105
1155083
1156310
1162933
1162865
1156140
1152749
1214358
1152562
1170666
1364899
1157048
1367828
1214357
1152449
1314788
1315024
1170060
1281713
1152235
1152844
1156916
1156692
1342012
1177458
1170103
1364865
1354248
1155079
1364321
1162806
1156278
1357780
1162862
1156139
1152742
1214354
1152554
1170664
1157046
1214351
1152444
1295783
1170058
1152231
1156689
1170102
1155076
1162484
1162826
1214272
1156172
1156137
1162845
1152740
1152552
1170662
1157044
1214347
1152443
1287562
1395692
1170057
1281709
1337980
1152229
1214328
1152838
1156905
1156688
1170101
1155071
1162825
1156170
1156156
1162827
1152739
1152551
1170660
1157041
1152284
1214279
1152228
1156906
1156660
1170099
1155069
1162824
1170055
1281655
1152227
1214275
1152835
1156898
1156656
1177457
1170098
1155066
1162821
1156167
1156131
1162514
1152738
1152546
1162747
1170659
1214250
1157039
1152273
1281306
1152224
1156897
1156645
1170096
1155062
1281625
1214231
1156166
1156128
1162506
1152737
1152541
1170657
1214208
1157033
1214173
1152272
1170053
1214175
1152218
1152826
1156893
1247818
1156632
1170094
1231859
1162479
1214149
1264348
1156163
1156124
1162503
1152709
1152536
1170653
1157031
1187477
1187497
1152266
1187575
1152216
1156892
1156629
1170091
1155065
1156162
1156123
1162493
1152702
1152530
1170649
1157025
1170052
1150547
1150544
1151673
1152819
1156882
1156619
1177453
1170085
1155026
1150536
1156161
1156115
1152589
1152518
1170647
1156932
1150523
1150518
1170051
1152253
1189169
1149805
1170641
1170044
1171936
1098955
1098855
1098954
1098852
1098952
1098851
1098951
1098850
1098948
1098849
1098947
1098847
1098944
1098846
1098943
1098843
1098894
1098842
1098891
1098841
1098887
1098840
1098886
1098839
1111497
1098883
1098838
1098881
1098837
1098880
1098833
1098879
1098827
1102131
1098878
1098824
Summary: Events from 2021-12-13 to 2022-07-01, total number 289 
https://dukegroups.com/events?show=past&event_type=7334&from_date=13+Dec+2021&to_date=01+Jul+2022
[eventId]
1605233
1605231
1605228
1605226
1605224
1605212
1605222
1605221
1605219
1594701
1605215
1605214
1595440
1595439
1595437
1595436
1595435
1595433
1595430
1595426
1595425
1595424
1595420
1559539
1588985
1414063
1588983
1591976
1424913
1588979
1414113
1414099
1588973
1588968
1414083
1588972
1578852
1424717
1588970
1575217
1582484
1512808
1414188
1581551
1414174
1414161
1572190
1414147
1414062
1582489
1414120
1414134
1527132
1424912
1582488
1414112
1414098
1582478
1564250
1582473
1414082
1582471
1424715
1582468
1480594
1542049
1582467
1486071
1559344
1567538
1558602
1512806
1414187
1414173
1414160
1414146
1414060
1414133
1576451
1424911
1561965
1414111
1414097
1414081
1424714
1562624
1572778
1572870
1566625
1512805
1414186
1414172
1564267
1414159
1567448
1414059
1566610
1424722
1414132
1424910
1566608
1414110
1414096
1566606
1566602
1566599
1424712
1566596
1558563
1564734
1556788
1554289
1544177
1512802
1414185
1414171
1414158
1414145
1414058
1556785
1414131
1424909
1556783
1414109
1414095
1556782
1556779
1414079
1556776
1424711
1556775
1548067
1521838
1556773
1414286
1512801
1414184
1414170
1414157
1414144
1556769
1414057
1414119
1414130
1428370
1527068
1542263
1424908
1556768
1414108
1414094
1414039
1414078
1424710
1533971
1512799
1414183
1414169
1414156
1414143
1533962
1414056
1414118
1414129
1424906
1533961
1414107
1414093
1533653
1414038
1533528
1414077
1424709
1532153
1512154
1532150
1533027
1502844
1535063
1513125
1414181
1414168
1527140
1414155
1414142
1532142
1414054
1414128
1527064
1424905
1532140
1414106
1414091
1532139
1414037
1532136
1414075
1532135
1424707
1517264
1507483
1414180
1414167
1414154
1433383
1414141
1414053
1414117
1414127
1486540
1424904
1414105
1428354
1414090
1414036
1414074
1424705
1484567
1508568
1414285
1414179
1414166
1506011
1414153
1433382
1414140
1508538
1414052
1414126
1464941
1424903
1508535
1414104
1414089
1508531
1414035
1508529
1414073
1508523
1424704
1464919
1416389
1414178
1414165
1472104
1414152
1433381
1414139
1414051
1414116
1414125
1472062
1424902
1414103
1414088
1414034
1414072
1424688
1473556
1414177
1414164
1414151
1433380
1414138
1414050
1414124
1424901
1414102
1414087
1414033
1414070
1424660
1449631
1414176
1414163
1414150
1433378
1414137
1414049
1414115
1414123
1421000
1424899
1414101
1414086
1414032
1429688
1429686
Summary: Events from 2022-07-02 to 2023-01-18, total number 216 
https://dukegroups.com/events?show=past&event_type=7334&from_date=02+Jul+2022&to_date=18+Jan+2023
[eventId]
1932207
1932166
1920547
1920480
1920586
1911610
1906605
1926863
1908958
1906604
1926862
1648603
1648620
1648634
1917471
1648557
1905372
1648516
1648602
1926887
1648482
1648469
1648411
1906603
1792414
1648386
1648600
1648619
1648633
1648556
1891417
1917562
1648515
1648570
1760993
1648494
1648480
1648468
1648410
1906602
1792413
1917662
1906601
1815236
1648599
1648618
1911108
1648632
1648554
1648514
1648569
1760747
1652907
1648492
1648481
1648466
1648409
1906590
1901898
1648382
1885003
1878393
1865655
1895974
1871703
1648583
1648617
1648630
1889508
1648553
1648513
1648568
1760388
1648478
1648463
1648407
1792409
1648379
1843516
1661418
1648584
1648616
1648629
1648551
1648512
1648567
1760179
1648490
1648477
1648462
1648406
1792407
1648377
1648582
1648615
1648628
1648550
1841528
1648511
1648566
1736662
1758672
1648476
1648460
1648403
1760822
1792405
1648376
1800073
1721833
1648581
1648614
1648627
1835233
1648549
1648507
1648565
1861825
1757959
1648489
1648475
1648458
1648402
1760545
1792403
1648368
1648579
1648626
1648548
1648506
1661350
1648562
1652900
1800976
1801077
1648534
1648503
1800908
1721819
1648487
1648474
1648456
1648401
1760010
1648366
1826704
1721817
1648578
1813004
1824671
1824718
1648625
1648530
1648502
1648563
1648473
1648455
1648399
1760267
1792363
1648365
1648576
1648610
1648623
1648529
1648498
1648560
1648486
1648471
1648451
1648397
1758441
1721803
1648360
1648574
1648607
1648624
1648528
1648499
1648559
1721786
1648472
1648452
1648395
1700826
1648359
1767844
1648572
1648605
1648558
1648621
1648520
1648496
1745750
1721784
1648485
1648470
1648443
1648413
1648390
1630866
1630865
1630864
1713837
1630863
1630862
1652886
1713835
1630861
1630860
1713833
1630856
1628005
1628008
1627998
Summary: Events from 2023-01-19 to 2023-08-07, total number 218 
https://dukegroups.com/events?show=past&event_type=7334&from_date=19+Jan+2023&to_date=07+Aug+2023
[eventId]
2110891
1920573
1920512
1920664
1911626
2102530
1906621
1920472
1920440
2089527
2095342
1932262
1932341
1932395
1936773
2017663
1936789
2087624
1985396
1932229
1932191
2091120
1920509
1920662
1906619
1920471
1920439
2096310
1973375
2081247
1932261
1932340
1932393
1936772
1936788
1932228
1932190
1920572
1920508
1920660
2081382
1906618
2090586
2081233
1920470
1920438
2081237
2083919
1932260
1932338
1936771
1932392
2083823
1936787
1985393
1932227
1932189
1920507
1920658
1906617
2079033
1920469
1920437
2081335
1932259
1932337
2063301
1932391
1936770
1936786
2014825
1932225
1932188
1920570
1920506
1920656
1906616
1920468
1920436
2072267
2066060
2056718
1932258
1932335
1932390
1936769
2031939
1936785
1985392
1932224
1932187
1920504
1920654
1911621
1906615
1920467
1920435
2068723
2068688
1932256
1932333
1932388
1936783
1985391
1932222
1932185
1920502
1920651
1906614
2056716
1920465
1920433
2047236
1968367
2050156
2049651
1932255
1932332
1932387
1936766
1936782
1932221
1932183
1920568
1920499
2004336
1920650
2048679
1906613
2050155
1920464
1920431
2050879
1932254
1932331
1932386
1936765
1986723
1936781
1985390
1932220
1932182
1920497
2004335
1920648
1906612
1920463
1920430
1932253
1932330
1932385
1936764
1986722
1936780
1932219
1932181
1920567
1920495
2004334
1920646
1906611
1920462
1920429
1932252
1932329
1932384
1936763
1986721
1948128
1936779
1985389
1932218
1920493
2004321
1920644
2013915
1906610
2001754
1920461
1920428
2001743
2001736
1932251
1932328
1932383
1936762
1986443
2001726
1936778
2006148
1932217
1932193
1920566
1920491
1920642
1906608
2001522
1920460
1920427
1932250
1932327
1932382
1936761
1936777
1936811
1932216
1932178
1920490
1920640
1906606
1920451
1920398
1932247
1932319
1932363
1936751
1936775
Summary: Events from 2023-08-08 to 2024-02-24, total number 338 
https://dukegroups.com/events?show=past&event_type=7334&from_date=08+Aug+2023&to_date=24+Feb+2024
[eventId]
2135435
2250860
2106644
2138078
2137279
2133747
2137292
2250861
2138091
2135458
2135448
2234457
2174518
2250358
2250357
2147511
2154033
2159622
2135990
2146477
2136007
2217307
2135804
2135973
2137298
2136032
2135434
2106643
2137278
2138076
2133745
2137291
2187145
2138090
2135447
2135457
2174517
2187144
2174516
2250050
2217239
2147516
2154032
2217320
2159621
2135989
2146476
2136006
2217306
2135803
2135972
2217261
2136031
2220049
2135433
2250268
2217198
2106642
2232614
2137277
2138075
2133744
2137290
2187143
2138089
2216411
2135446
2135456
2234452
2174514
2250125
2217238
2147514
2154031
2217319
2159620
2135988
2146475
2152392
2136005
2217304
2135802
2135971
2137297
2217259
2136030
2220047
2135432
2217285
2106641
2137276
2138074
2133743
2137289
2138088
2216409
2135445
2135455
2174512
2154030
2249741
2217318
2159619
2135987
2146474
2136004
2217303
2135801
2135970
2136029
2217258
2220046
2185232
2135431
2217196
2106640
2138073
2133742
2137288
2187142
2216408
2138087
2135454
2135444
2174511
2247052
2217237
2241850
2154029
2217317
2135986
2146473
2136003
2217302
2135969
2152388
2137296
2136028
2217257
2220045
2135430
2217283
2106639
2138072
2133741
2241829
2240583
2137287
2187141
2138085
2216407
2241822
2135442
2135453
2234445
2174510
2228562
2242151
2154028
2217316
2159617
2135985
2146472
2217300
2135798
2239540
2135968
2136027
2217256
2220044
2242562
2187140
2174509
2147510
2217315
2159616
2135984
2238616
2146471
2182461
2136001
2226300
2217298
2135967
2136026
2137295
2217255
2220043
2217281
2106638
2137273
2138071
2133740
2137286
2187139
2238613
2138084
2216405
2135441
2135452
2225314
2234421
2203805
2174508
2178355
2228583
2217234
2217314
2159615
2135983
2146470
2217297
2135796
2135966
2152385
2136025
2217254
2220042
2135428
2217190
2106637
2137272
2138070
2133739
2221984
2137285
2145739
2224046
2177326
2216404
2135440
2135451
2174507
2215576
2213352
2207424
2216812
2217202
2152384
2154025
2217308
2159614
2135982
2146469
2135998
2152383
2218944
2217290
2135795
2218881
2135965
2136024
2137294
2217242
2220015
2135427
2217271
2106635
2137271
2138069
2133738
2137284
2187138
2138082
2216348
2135439
2135450
2207341
2214887
2174506
2147515
2154024
2159613
2135981
2146468
2135997
2135794
2135964
2136023
2217253
2135426
2217189
2152382
2194668
2138068
2133737
2137283
2187137
2138081
2145734
2145709
2197244
2174505
2194628
2147513
2154023
2175560
2159612
2135980
2146467
2135996
2135793
2135963
2136022
2137293
2135425
2106633
2138067
2133736
2137282
2187133
2138079
2135437
2174410
2147507
2153999
2159611
2135978
2135410
2135993
2135792
2135958
2149982
2136009
2185174
2149978
2135408
2149976
2106618
2137268
2133734
2137281
2149970
2148618
2148575
2148558
2146564
