Summary: Events from 2019-10-01 to 2020-04-18, total number 24 
https://dukegroups.com/events?show=past&event_type=7331&from_date=01+Oct+2019&to_date=18+Apr+2020
[eventId]
702905
680209
686322
644168
683023
689197
681442
688466
688768
683012
682934
667023
657716
689142
672321
642943
653588
669426
669406
658731
665802
656980
701724
Summary: Events from 2020-04-19 to 2020-11-05, total number 31 
https://dukegroups.com/events?show=past&event_type=7331&from_date=19+Apr+2020&to_date=05+Nov+2020
[eventId]
882676
877674
850445
854057
871889
889584
876460
854056
868577
854055
859978
852701
816360
860105
854054
849824
852845
854042
861690
831351
816334
796222
812869
770595
766725
750725
812902
801255
766861
747568
Summary: Events from 2020-11-06 to 2021-05-25, total number 45 
https://dukegroups.com/events?show=past&event_type=7331&from_date=06+Nov+2020&to_date=25+May+2021
[eventId]
1087135
1081463
1085944
1095431
1079892
1069933
1024740
1063284
1057504
1061991
918764
1024735
1074083
1012541
1039563
1067154
1052427
1051188
1095389
1059835
1052104
1053575
1040820
1012563
1095379
947358
1021119
1018530
1014371
1036498
922102
1012478
1024739
959439
880405
937992
927384
912084
889572
889562
854059
865840
889548
854058
Summary: Events from 2021-05-26 to 2021-12-12, total number 59 
https://dukegroups.com/events?show=past&event_type=7331&from_date=26+May+2021&to_date=12+Dec+2021
[eventId]
1389713
1399770
1379483
1400375
1374942
1365923
1349369
1363556
1356076
1364397
1381123
1375259
1332501
1384545
1340467
1378297
1355762
1372463
1377701
1362336
1370706
1374765
1200740
1330344
1349882
1278608
1273561
1257877
1200680
1346716
1306344
1182570
1332192
1285395
1332770
1279950
1330013
1313980
1332317
1259288
1305543
1296891
1200671
1288375
1301309
1257157
1294772
1250734
1200663
1231359
1213067
1143592
1214099
1147947
1193650
1147941
1207608
1193623
Summary: Events from 2021-12-13 to 2022-07-01, total number 160 
https://dukegroups.com/events?show=past&event_type=7331&from_date=13+Dec+2021&to_date=01+Jul+2022
[eventId]
1600106
1594976
1389722
1575216
1585755
1413474
1413488
1542592
1583969
1489308
1562404
1573976
1579355
1581067
1575234
1578214
1584110
1389721
1537347
1569116
1584643
1573722
1516914
1585439
1584418
1519822
1579067
1413473
1413487
1579061
1572768
1569117
1572495
1577702
1530051
1541226
1519821
1413472
1413486
1541794
1562355
1451658
1559508
1541326
1548734
1566755
1535026
1566203
1501636
1519596
1414080
1536753
1565411
1562804
1413471
1413485
1541787
1552589
1497363
1558934
1530179
1546449
1513339
1560262
1548763
1555121
1538444
1548632
1539322
1558996
1560261
1519820
1413470
1413484
1558754
1542822
1542657
1413469
1413483
1389720
1517342
1413468
1413482
1534576
1532515
1540285
1517316
1531459
1521770
1540271
1513232
1531383
1527095
1498086
1519819
1413467
1413481
1526040
1350288
1495698
1486758
1511056
1525386
1530157
1513395
1511602
1515065
1532186
1511505
1515561
1519905
1519816
1413466
1413480
1517290
1513762
1499566
1511476
1511426
1511472
1505254
1511214
1511090
1517757
1413465
1413479
1389719
1461715
1491092
1410108
1413464
1413478
1461706
1513301
1461678
1461666
1413463
1413477
1437635
1432306
1425513
1416599
1442443
1459451
1430351
1437549
1413462
1413476
1433128
1431910
1433090
1433078
1413461
1413475
1368200
1389718
1431181
1413460
1332605
Summary: Events from 2022-07-02 to 2023-01-18, total number 195 
https://dukegroups.com/events?show=past&event_type=7331&from_date=02+Jul+2022&to_date=18+Jan+2023
[eventId]
1955193
1951632
1911175
1772513
1814295
1734926
1796426
1893257
1843983
1893261
1896684
1814294
1734925
1830064
1830074
1830081
1830089
1830099
1814293
1734924
1906677
1909800
1893253
1904375
1878201
1772399
1899941
1830062
1830073
1830080
1830088
1830097
1904283
1897680
1772478
1885772
1871534
1889971
1884316
1906631
1814292
1734923
1882374
1861892
1796397
1882228
1830059
1830072
1830079
1830087
1830095
1891211
1886637
1863066
1889636
1863062
1893695
1814291
1827127
1887515
1863024
1854797
1891916
1772383
1863265
1871930
1862983
1814290
1734921
1854796
1867437
1796370
1868557
1849216
1863161
1789001
1830057
1830071
1830078
1830086
1830093
1862977
1799717
1868543
1823189
1862971
1844789
1814289
1856088
1734920
1855924
1862946
1854794
1830158
1858780
1868525
1868188
1862964
1772304
1830055
1830070
1830077
1830084
1830092
1843471
1838760
1864587
1834414
1848058
1826448
1862960
1858603
1814287
1778651
1734919
1865106
1854787
1837211
1830053
1830068
1830076
1830083
1830091
1822329
1814286
1734918
1839748
1772238
1829956
1839991
1774918
1660488
1835650
1814285
1734917
1793556
1686315
1772170
1796877
1734915
1796121
1728502
1761678
1798853
1793952
1757757
1757792
1759758
1759794
1655758
1793948
1749851
1767035
1798766
1793939
1793162
1732587
1734913
1775574
1762751
1656790
1656789
1759023
1656786
1721010
1734912
1671124
1679433
1713059
1736156
1748594
1729155
1732454
1718170
1734342
1748593
1679425
1679492
1679864
1729073
1664867
1748566
1704550
1732379
1736122
1652498
1734905
1652494
1701767
1675240
1651637
1652261
1663226
1623742
Summary: Events from 2023-01-19 to 2023-08-07, total number 111 
https://dukegroups.com/events?show=past&event_type=7331&from_date=19+Jan+2023&to_date=07+Aug+2023
[eventId]
2063998
2095380
2088206
2080564
2084640
2095112
2089317
2084604
2090600
2086410
2077130
2047624
2087568
2073933
2075045
2071769
2076632
2081213
2068378
1963115
2077128
2078778
2032417
2080977
2081876
1673981
2008439
2077850
1963114
1949442
2077127
2053019
2047618
2053015
2075381
2055385
2075976
2076824
2064531
2070019
2072104
2065804
2067139
2077851
1963112
2036463
2075587
2061765
2056725
2067608
2052507
2037066
2062645
2058611
2060371
1973006
1963111
2058838
2038206
2050818
1963110
1998886
2018065
1981738
2011209
2042736
1998498
2002010
2027282
2044225
2050460
2047748
1965032
2010131
2023577
2033456
1963109
2036381
1949428
2002727
1963098
2032171
2017609
2008369
2019346
2010952
1949443
1991874
2026102
1965016
1953000
2026026
1951229
1963097
1980029
1979984
1973391
1963096
1979973
1915021
1932720
1987151
1953242
1977306
1979962
1937704
1974183
1949406
1955199
1963093
Summary: Events from 2023-08-08 to 2024-02-24, total number 152 
https://dukegroups.com/events?show=past&event_type=7331&from_date=08+Aug+2023&to_date=24+Feb+2024
[eventId]
2250654
2250575
2250909
2135791
2236572
2250840
2244550
2250801
2250550
2250526
2249712
2250378
2215558
2250632
2153903
2248628
2250771
2135790
2250140
2250766
2250147
2250098
2221074
2250146
2250421
2221628
2249711
2234376
2244540
2250297
2250312
2250408
2250401
2227318
2236842
2250126
2168142
2135789
2221073
2250145
2250183
2250443
2249710
2234375
2250096
2250138
2220334
2135788
2221072
2250144
2249926
2203012
2249776
2249709
2244391
2135787
2249768
2221071
2249726
2248822
2249707
2234374
2222466
2249067
2249705
2241589
2221332
2135786
2221042
2221049
2221056
2221063
2236840
2241322
2241574
2246267
2234371
2245546
2207873
2221041
2221048
2221055
2221062
2221069
2188264
2232207
2227276
2135785
2166219
2221061
2221068
2223067
2206636
2217367
2203016
2205162
2217366
2217365
2217364
2221024
2157737
2217240
2222879
2165755
2218261
2203546
2204511
2183612
2205573
2181001
2135782
2202275
2190957
2202664
2205066
2205937
2185131
2190975
2187060
2173303
2186364
2137966
2154049
2192067
2165756
2192027
2186578
2180984
2137965
2184682
2137964
2163717
2177366
2180901
2131387
2164555
2173301
2131386
2136366
2137963
2167193
2142740
2131485
2156509
2141488
2136364
2157922
2131500
2150183
2131499
2150168
