Summary: Events from 2019-10-01 to 2020-04-18, total number 11 
https://dukegroups.com/events?show=past&event_type=7336&from_date=01+Oct+2019&to_date=18+Apr+2020
[eventId]
692814
689062
642971
678670
666872
646525
686017
646524
647259
659199
Summary: Events from 2020-04-19 to 2020-11-05, total number 35 
https://dukegroups.com/events?show=past&event_type=7336&from_date=19+Apr+2020&to_date=05+Nov+2020
[eventId]
876916
862759
864211
867959
867957
834313
867954
867958
878379
861924
853123
841772
820703
848951
846228
847939
826995
820627
802835
773622
798567
770986
774779
749504
760513
749021
744525
754523
749038
745751
733835
735973
735870
735897
Summary: Events from 2020-11-06 to 2021-05-25, total number 56 
https://dukegroups.com/events?show=past&event_type=7336&from_date=06+Nov+2020&to_date=25+May+2021
[eventId]
922089
1081165
1079103
1063011
1066529
1047147
1064043
1067944
1051637
899735
1066316
1055232
1056263
1066153
1049835
1051889
946139
1038558
1006818
1049175
1066306
1048743
1038568
1025620
1030652
1017959
1043032
1025273
1030583
1008473
1012564
1004796
997517
1006360
942571
1102379
972408
910052
999527
992405
1025229
992915
1018915
950432
943149
989093
1000171
918786
947541
936629
914437
940876
899467
888532
881263
Summary: Events from 2021-05-26 to 2021-12-12, total number 43 
https://dukegroups.com/events?show=past&event_type=7336&from_date=26+May+2021&to_date=12+Dec+2021
[eventId]
1395299
1390741
1387515
1376859
1387232
1385446
1355153
1353685
1357827
1368965
1359567
1174328
1344413
1351452
1571341
1312062
1319005
1338849
1302128
1350682
1313767
1296045
1191388
1249361
1215617
1236711
1254399
1222114
1208699
1160982
1154723
1155627
1157389
1129481
1129476
1129480
1129475
1129479
1129474
1129478
1129472
1129466
Summary: Events from 2021-12-13 to 2022-07-01, total number 52 
https://dukegroups.com/events?show=past&event_type=7336&from_date=13+Dec+2021&to_date=01+Jul+2022
[eventId]
1580027
1578194
1582545
1562772
1512746
1569419
1572257
1545959
1573878
1573865
1526219
1558559
1505209
1463810
1558683
1562013
1554288
1564617
1414275
1556766
1554294
1558403
1518593
1559739
1517533
1550204
1535602
1556102
1406995
1520166
1412664
1543038
1542058
1444449
1444443
1529665
1508224
1501988
1500035
1503122
1475844
1417973
1440572
1450269
1455939
1425828
1424973
1455688
1452730
1415060
1445548
Summary: Events from 2022-07-02 to 2023-01-18, total number 126 
https://dukegroups.com/events?show=past&event_type=7336&from_date=02+Jul+2022&to_date=18+Jan+2023
[eventId]
1932210
1797928
1798009
1797927
1798008
1940511
1872612
1797926
1798007
1797925
1798006
1797924
1798005
1797923
1798004
1797921
1798003
1797920
1798002
1797919
1798001
1797918
1798000
1882645
1797917
1797999
1797914
1797998
1914459
1882644
1797913
1797997
1797912
1797996
1909893
1797911
1797995
1797910
1797994
1890301
1909666
1882643
1797908
1797992
1904409
1844959
1914529
1797907
1797990
1903839
1882642
1902034
1797906
1797989
1892141
1797905
1797988
1884437
1797904
1797987
1866208
1868048
1797902
1797986
1880803
1867395
1797901
1797984
1870267
1868031
1797900
1797983
1879890
1762324
1797899
1797981
1850098
1797898
1797980
1845302
1835540
1797897
1797979
1857652
1797896
1797977
1797895
1797976
1827221
1797894
1797975
1762300
1830568
1827592
1830706
1813006
1757853
1797893
1797974
1797892
1797973
1770177
1783089
1797890
1797971
1681224
1744090
1651768
1794128
1641739
1742645
1797880
1681222
1755719
1751788
1651748
1651634
1645515
1656747
1651582
1686321
1698894
1651552
1645506
1641728
Summary: Events from 2023-01-19 to 2023-08-07, total number 58 
https://dukegroups.com/events?show=past&event_type=7336&from_date=19+Jan+2023&to_date=07+Aug+2023
[eventId]
2065602
2077113
2084563
2096929
2084798
2065601
2087058
2072376
2075570
2065600
2085634
2069517
2077853
2015226
2065599
2078963
2079856
2031854
2061357
2065598
2019140
2056767
2066529
2065593
1663008
2015215
2028194
2056038
2058465
2049807
2008529
2042270
2022662
2028193
1767982
2049806
2008054
2005618
1989582
2005634
2005631
1997768
2001127
2017907
1953013
1953009
2015878
2028192
1946053
1993497
2005630
1893646
1946052
1949424
1946051
1943383
1960791
Summary: Events from 2023-08-08 to 2024-02-24, total number 77 
https://dukegroups.com/events?show=past&event_type=7336&from_date=08+Aug+2023&to_date=24+Feb+2024
[eventId]
2250602
2250777
2250767
2234399
2250115
2250460
2234398
2250170
2250289
2250379
2250262
2250245
2234397
2250054
2233979
2233974
2249988
2250243
2249866
2250060
2250052
2234396
2248622
2232857
2233978
2233973
2250051
2249928
2249927
2176730
2250055
2241796
2241792
2234395
2233977
2233972
2248632
2246247
2246982
2249735
2248302
2241791
2241795
2234394
2220880
2213716
2233971
2233975
2229892
2223085
2237570
2232771
2229553
2234393
2205348
2233959
2211845
2138753
2157857
2217809
2187697
2207340
2205134
2193948
2157773
2209964
2203991
2186373
2188209
2176774
2142743
2142742
2168581
2138747
2166856
2134745
