Summary: Events from 2019-10-01 to 2020-04-18, total number 49 
https://dukegroups.com/events?show=past&event_type=7338&from_date=01+Oct+2019&to_date=18+Apr+2020
[eventId]
702882
698598
702881
698596
648217
672530
648216
688747
647613
664120
663659
648215
690872
670027
679684
685357
648214
647612
642948
653669
648213
680635
652963
672656
677100
653585
648212
677099
669439
643567
647595
658933
648211
667809
653579
648210
647471
644928
644896
644903
644895
647734
644892
644891
642853
642743
642732
645458
Summary: Events from 2020-04-19 to 2020-11-05, total number 122 
https://dukegroups.com/events?show=past&event_type=7338&from_date=19+Apr+2020&to_date=05+Nov+2020
[eventId]
752453
766389
852093
869286
864129
877403
864407
839398
847536
836095
878026
879246
876882
865903
766433
876757
766388
869802
869431
852085
871344
839397
867170
863827
868603
871288
766432
752452
872535
849257
870422
766387
850197
864896
869281
864865
839396
847535
836043
766431
860305
766386
836673
851262
839395
766430
752449
851266
766385
838436
839394
847512
836668
837631
766429
838432
834922
766384
836846
827786
839380
831910
766428
752447
827784
835438
773992
828820
836654
766382
818967
825124
798730
766427
818966
773901
798717
812455
756483
766381
793201
812767
812010
795903
766426
752445
793181
796836
806455
787750
766380
789083
776996
766408
766371
738955
770922
760854
771577
768291
738240
758195
739157
751936
744492
747618
758188
749950
749326
747378
752462
738223
747697
747305
747581
745119
738105
736641
735320
732207
696960
Summary: Events from 2020-11-06 to 2021-05-25, total number 189 
https://dukegroups.com/events?show=past&event_type=7338&from_date=06+Nov+2020&to_date=25+May+2021
[eventId]
1103962
1101310
1103960
902836
1079040
1070592
902835
1085974
902834
1088398
1059159
1047185
1080735
1076553
1084808
1081937
1085574
1084476
1038711
1061355
1051459
1079189
902833
1077964
1080779
1064932
1076685
1072723
1072847
1069713
1076675
1060580
1076199
1080159
1051458
1061354
1051457
902832
1076683
1065572
1067017
1046900
1051879
1073732
1051875
1051456
1043187
1061353
988414
902831
1036112
1040228
1051874
1060342
1063137
1051455
1067750
1051876
1061350
1060317
1051454
1060333
902830
1058662
1041419
1058655
1043058
1051872
1051361
1059180
1054576
1060326
1051453
1051871
1051452
902829
1015950
1043051
1043040
1051462
1049754
1042921
1047843
1051451
1051449
1043037
1051448
902828
1043027
1050651
1023641
989097
1043048
988401
1037389
1049733
1043115
1045238
1042918
1042865
902827
1024531
1036189
1008559
1030469
989159
989167
950681
902826
1036213
960437
1026136
1024771
989096
1020641
1023178
1020561
902825
1012167
1000692
1013411
1007774
1013403
989158
989166
902824
983665
1003724
1001822
989089
1000348
1001804
939968
902823
959553
984040
946324
964998
971641
978344
946321
994161
978343
972858
946319
989148
902822
959308
946313
946301
946295
902821
937038
912294
902820
902819
902818
902817
902816
899866
899138
902446
839402
860368
766436
894621
766391
894413
885196
888633
886476
887306
839400
881566
891847
873499
766435
881561
852073
766390
886581
882767
882769
852139
886114
839399
881485
766434
Summary: Events from 2021-05-26 to 2021-12-12, total number 209 
https://dukegroups.com/events?show=past&event_type=7338&from_date=26+May+2021&to_date=12+Dec+2021
[eventId]
1157241
1308715
1398109
1393907
1375603
1385882
1382397
1396837
1103991
1393828
1391131
1393835
1157240
1385262
1308714
1367380
1396232
1389608
1373083
1397000
1386381
1399734
1317590
1391083
1369104
1380904
1386927
1386732
1383407
1385942
1380212
1103990
1358978
1157239
1308713
1164368
1383815
1103989
1369435
1358976
1351276
1388846
1379581
1157238
1382434
1174365
1359788
1371372
1381695
1308712
1381908
1378278
1214637
1380280
1379758
1369094
1387993
1358162
1374229
1378817
1370903
1380763
1386158
1374862
1385594
1412434
1377781
1103988
1375176
1309849
1382368
1157237
1375297
1369221
1367410
1359790
1308711
1376502
1214636
1374528
1376973
1331941
1358137
1384516
1360473
1380348
1378575
1103987
1358965
1174363
1338298
1368999
1157236
1374711
1359671
1363365
1373106
1359791
1308710
1358906
1365405
1214635
1359172
1373169
1374117
1361838
1360280
1369193
1363430
1360055
1354200
1330498
1361158
1103986
1348597
1157235
1361180
1359922
1335065
1359792
1308709
1296767
1214634
1352981
1352396
1348856
1331940
1352511
1338590
1305628
1349926
1358803
1354194
1349866
1358810
1103985
1350219
1339982
1157234
1338255
1349778
1380699
1335911
1242411
1350581
1308708
1214633
1337877
1342147
1351209
1335220
1305627
1354185
1103984
1309895
1332652
1317575
1305637
1157233
1346429
1332590
1305589
1338558
1338215
1308707
1214632
1335359
1341710
1331882
1334615
1310136
1332681
1305626
1304830
1103983
1298853
1337018
1157232
1269664
1299749
1313941
1308706
1289606
1278105
1214631
1328944
1214433
1304260
1308775
1103982
1157231
1214630
1254128
1306817
1192753
1286168
1103981
1214769
1256657
1239336
1157230
1255808
1263576
1276703
1287413
1290284
1214628
1279136
Summary: Events from 2021-12-13 to 2022-07-01, total number 340 
https://dukegroups.com/events?show=past&event_type=7338&from_date=13+Dec+2021&to_date=01+Jul+2022
[eventId]
1617558
1612070
1593164
1601060
1601791
1601785
1601774
1601440
1601410
1579609
1308736
1478352
1513462
1593640
1419343
1308735
1478351
1584140
1558568
1468431
1585521
1513456
1578037
1585767
1577450
1588709
1579757
1578220
1562287
1578215
1580729
1419342
1577478
1588809
1584218
1578222
1587843
1577943
1546758
1157256
1464260
1583580
1577178
1558583
1568705
1308734
1584852
1571947
1578229
1578203
1585529
1578632
1480409
1584136
1578264
1468430
1577419
1585650
1555266
1578341
1513453
1580565
1575180
1577716
1561773
1562286
1584858
1419341
1568805
1505590
1157255
1560089
1557899
1577175
1575189
1308733
1575672
1564645
1478349
1580614
1556423
1468429
1513451
1577675
1572921
1562285
1419338
1558102
1560130
1513865
1565054
1157254
1574904
1574954
1568776
1308732
1478348
1559322
1561848
1543074
1566482
1558353
1567755
1572916
1468428
1520597
1540736
1555872
1555685
1513450
1569679
1557249
1562280
1558892
1419076
1537274
1132192
1542597
1157253
1542166
1550390
1518317
1560710
1537003
1308731
1478347
1558845
1512730
1560707
1564373
1539701
1535672
1468427
1513449
1542818
1534601
1419072
1554789
1551610
1510656
1542947
1157252
1557103
1519150
1554860
1498516
1478326
1478326
1536124
1478346
1552439
1554853
1540363
1502905
1468426
1520495
1506026
1525074
1513448
1555443
1419071
1157251
1308729
1478345
1468425
1513445
1419070
1538273
1495398
1260226
1308728
1537377
1529766
1517246
1540843
1539244
1456171
1468424
1513444
1540630
1520133
1540777
1538923
1529524
1419067
1500678
1443880
1516966
1526312
1157250
1532440
1532315
1489528
1308725
1502910
1308727
1478343
1531527
1523966
1523559
1510246
1443613
1532259
1456170
1468423
1532308
1512910
1513440
1522532
1516901
1526351
1419045
1523266
1537046
1157249
1503431
1518470
1478342
1515971
1488621
1442235
1506010
1523777
1493188
1511594
1456169
1468422
1506019
1494795
1576373
1514670
1499799
1504908
1419066
1458142
1487269
1456089
1499228
1157248
1477267
1470544
1508667
1502856
1467436
1308724
1478341
1493541
1497858
1498582
1502766
1493181
1499514
1408206
1468421
1496836
1478331
1496188
1463800
1444852
1419053
1487171
1500748
1439826
1157247
1466706
1487203
1451308
1308723
1478308
1484566
1431187
1412477
1493523
1452734
1468420
1463919
1425873
1484327
1458489
1452574
1451278
1419051
1422920
1478335
1157246
1470038
1409472
1460314
1308722
1471196
1416468
1457842
1466121
1432337
1426317
1470707
1473143
1468407
1454293
1415065
1425872
1421582
1415064
1451040
1419028
1415063
1415062
1157244
1415061
1434472
1454274
1451006
1308721
1445536
1431362
1415656
1454268
1425737
1421006
1450968
1415058
1415057
1418960
1157243
1308720
1422224
1421018
1406496
1418959
1157242
1308719
1407946
1418922
1308718
1103994
1308717
1103993
1308716
1103992
Summary: Events from 2022-07-02 to 2023-01-18, total number 346 
https://dukegroups.com/events?show=past&event_type=7338&from_date=02+Jul+2022&to_date=18+Jan+2023
[eventId]
1956486
1818416
1946803
1649108
1848427
1959827
1944114
1827457
1943898
1649107
1827456
1861950
1649106
1827487
1649105
1827453
1827484
1395137
1927523
1937979
1880032
1906557
1923310
1914310
1926649
1920947
1827451
1827516
1929145
1917370
1912958
1915138
1900508
1772528
1655888
1888282
1880031
1909661
1924022
1929011
1920091
1919621
1912339
1922863
1649104
1914165
1757292
1927455
1820981
1927010
1917955
1879215
1896513
1827515
1916387
1923413
1923851
1920946
1914917
1882037
1914278
1829267
1902414
1904288
1880030
1904297
1890356
1911126
1649103
1827513
1827449
1880029
1839385
1907482
1855417
1770370
1770295
1890363
1572920
1649102
1757288
1820935
1904949
1899004
1827448
1908633
1909859
1880028
1914425
1905180
1898140
1896516
1904023
1885808
1905155
1908674
1861948
1903779
1911150
1903149
1898769
1908827
1770369
1661965
1770294
1898907
1649101
1757282
1867017
1820856
1842797
1904057
1893049
1903302
1889903
1856732
1891316
1854054
1898243
1848439
1827447
1903022
1886880
1903771
1894386
1655889
1879839
1861947
1880027
1886431
1894108
1770368
1770293
1894500
1649100
1757278
1820767
1885248
1882546
1893077
1881787
1827446
1890302
1885380
1858578
1889631
1829247
1885377
1861942
1882464
1880026
1876042
1887676
1770367
1858598
1885669
1852619
1649099
1757275
1876398
1820715
1875102
1842789
1849710
1877730
1867415
1874670
1858992
1874494
1862331
1871500
1827476
1875929
1861292
1843107
1855409
1880023
1879687
1655826
1874503
1770366
1850023
1770292
1868173
1826254
1871302
1839333
1649098
1757271
1873607
1866724
1694814
1827444
1843949
1843721
1834251
1861237
1850979
1858279
1838608
1770365
1770291
1863544
1649097
1843005
1846707
1816565
1820631
1813421
1820611
1857433
1860545
1834736
1848046
1827275
1843725
1852704
1823285
1827506
1831967
1655819
1694587
1770364
1649096
1774816
1827431
1843011
1807663
1828927
1818339
1837732
1694586
1770363
1770289
1819078
1649095
1757266
1818340
1811197
1819133
1792662
1807089
1751919
1780500
1752958
1764427
1694585
1819968
1805934
1770362
1770288
1793813
1801516
1796949
1639338
1649094
1757261
1772260
1735022
1758649
1751995
1802584
1793957
1772662
1774948
1746107
1746085
1775553
1763713
1792544
1694584
1700956
1744735
1785725
1783884
1763251
1746100
1751334
1763635
1770361
1770287
1799367
1752449
1747503
1649093
1757139
1709325
1639332
1745491
1717105
1659352
1713812
1772668
1692087
1749332
1746157
1756680
1742938
1768643
1656737
1745787
1644595
1761070
1742366
1694582
1713809
1746305
1707593
1716690
1755689
1656741
1746304
1770356
1770265
1746069
1728265
1751419
1649092
1717516
1734485
1658909
1698296
1749342
1673484
1748226
1647543
1672674
1736897
1656750
1705769
1639269
1652217
1756077
1746222
1713798
1694575
1716893
1719067
1690818
1673457
1646880
1717490
1680993
1714136
1647325
Summary: Events from 2023-01-19 to 2023-08-07, total number 389 
https://dukegroups.com/events?show=past&event_type=7338&from_date=19+Jan+2023&to_date=07+Aug+2023
[eventId]
2136359
2119349
2119348
2126080
2119347
2129564
2119346
2119345
2119344
2119343
2119342
2119341
2119340
2124554
2119339
2104848
2119338
2119337
2119336
2119335
2119331
2112866
2119334
2119333
2097363
2027171
2084208
2071923
2100911
1649123
2039531
2095619
2103544
2067321
1827505
2095738
2082359
2075099
2100166
2104109
2094642
2103241
2094835
2091888
2102420
1649122
2091870
2066608
2081154
2095687
2082630
2091831
2095789
2100678
2098062
2073648
2081215
1974803
2090350
2091907
2085726
2086471
2091181
2089522
2089598
2032890
1827504
2044468
2094733
2097447
2094983
2097560
2091612
2091139
2018796
2095787
1950806
2089074
1649121
1757341
2096511
2096470
2082711
2079761
2067648
2096260
2096678
2068163
1827471
2094976
2086344
1938869
2089506
2089312
2086918
2070268
1990161
2069021
2075020
1866012
2087593
1984326
1984060
2088089
2090596
1649120
2008875
2084285
2059407
2075107
2076383
2088562
1827502
2076159
2044473
2063107
1956066
2074689
1990159
1956054
2018769
1984325
1984006
2082986
2074599
1649119
1757338
1974793
2051470
2075121
2066128
2012522
2069255
2078711
1827469
2077480
2069175
2079810
2067136
2008820
1927617
1663010
2069028
2069442
2070130
1990157
2076329
2065957
1956053
2077464
2076218
2065939
1984324
1984053
1950803
2041997
2065802
1649118
2067879
1757335
2071213
2020348
1974787
2072127
1996743
2060741
2072994
2036825
2060477
2066900
2056605
2061922
1827500
2054577
2053693
2067162
2059951
1990155
2057154
1956052
2018795
1984323
1984004
1649117
1827499
1649116
1827498
2062195
2055686
2061698
2054957
2057136
1956050
2018767
2056233
2052442
1984322
1984047
2060369
1649115
2042658
1757330
2042665
2045311
1974785
2051059
2045555
2031646
2043571
1974268
2031396
1827497
1973001
2035304
2038958
2051329
2037039
1998592
2031941
1956064
1990151
2054887
2058445
1912319
2055716
1956049
2054274
2042011
2049791
1984321
1984043
1649114
1757326
2042664
1941214
1974800
2017624
2049663
2038317
1985679
2057244
1827496
2001116
2040727
2032450
2051571
1990148
2050629
1662995
1956048
2018780
1984320
1984001
1649113
1757321
1975735
2042662
2017897
1974776
2021846
1980268
2041979
2016990
2036866
1827495
1972999
1932788
2022172
2005644
2037423
1990146
2022236
1835439
2041850
2027918
2015342
2032197
1956047
1997296
2026963
2022253
1984319
1984000
2037445
2009228
1997301
1933584
1649112
1757317
1974756
2017322
2033333
2030244
1990220
2032161
2024743
1827462
2021003
2021580
2021890
2030243
2013794
2030241
1990169
1957327
2017216
2030240
2005627
2024683
2030239
1956046
2018761
1984316
1984037
2014404
2023360
1992566
2017926
2005619
1649111
1757313
1968997
2017996
2005568
1876386
1998730
1827492
1990756
1997091
1998880
2005456
2012148
1996753
1956056
1990168
1998724
1991988
2002626
1965011
2004267
1989303
1956032
1973377
1998700
1984315
2008173
1983998
1956500
1950798
1649110
1997051
1757308
1937811
1992562
1998643
1998744
1927550
1997083
1985078
1827459
1972969
1946007
1954008
1973115
1995449
1956497
1989827
1662503
1970263
1969366
1889337
1923865
1984297
1956496
1983996
1954618
1649109
1757304
1968996
1944084
1975662
1973223
1955032
1827458
1972914
1932722
1956490
1961716
Summary: Events from 2023-08-08 to 2024-02-24, total number 368 
https://dukegroups.com/events?show=past&event_type=7338&from_date=08+Aug+2023&to_date=24+Feb+2024
[eventId]
2250821
2250836
2250830
2250320
2250844
2250817
2231862
2199794
2250581
2227330
2182270
2250573
2249920
2250693
2250819
2250544
2250407
2250841
2250608
2250621
2250556
2250244
2250274
2250185
2250778
2140522
2237531
2250427
2250343
2250519
2250032
2250567
2250773
2249054
2250609
2250572
2169828
2250770
2231861
2199793
2227329
2250404
2250625
2250591
2231860
2234548
2199792
2248600
2250597
2182269
2250432
2250374
2250341
2249929
2250356
2248972
2250350
2248326
2250578
2250562
2250053
2248582
2229861
2250117
2250109
2249518
2250168
2249518
2250452
2250105
2237027
2250265
2250241
2250395
2249703
2249924
2250321
2250364
2249945
2248608
2169827
2231859
2199791
2222619
2248599
2250429
2248771
2227328
2182268
2248890
2250068
2249919
2250397
2250369
2250263
2250272
2245129
2249849
2248333
2249915
2249730
2250322
2248581
2244516
2250047
2250195
2249898
2249917
2249868
2241976
2250301
2250091
2169907
2250233
2250250
2249899
2250204
2250271
2250114
2146078
2248607
2247077
2231858
2222618
2199790
2248598
2227327
2182273
2249784
2241801
2249918
2201654
2250106
2250035
2249906
2249869
2248580
2249932
2207354
2250083
2140521
2227393
2250057
2249860
2249865
2247092
2241347
2248835
2249893
2248787
2249910
2248606
2247107
2222353
2231857
2199789
2248591
2249355
2227326
2182267
2205600
2246290
2227364
2165916
2249748
2243033
2249782
2243898
2247068
2248541
2219082
2222994
2240309
2246284
2240096
2242038
2202696
2220270
2237353
2248604
2202695
2169826
2230934
2180655
2231856
2222616
2199788
2248597
2242921
2245605
2218883
2227324
2182266
2227074
2240516
2221669
2246242
2222382
2224668
2232880
2221647
2236532
2248579
2238380
2225328
2242886
2236859
2221640
2232199
2231855
2227323
2236828
2222889
2234533
2169906
2229222
2165588
2221327
2210230
2170599
2228440
2227696
2224140
2229770
2223701
2231854
2199787
2232850
2227317
2222432
2182265
2227063
2211878
2231976
2219951
2212812
2221896
2183183
2228245
2187114
2140520
2231973
2222455
2219251
2226296
2212384
2211825
2199401
2196609
2182264
2218934
2220877
2218272
2222391
2218624
2215989
2210500
2202172
2217697
2210321
2176831
2217687
2187090
2220487
2219480
2223954
2165842
2207324
2217659
2207753
2188552
2185079
2187074
2218163
2169824
2199786
2182263
2202860
2192158
2210172
2204926
2207757
2202836
2194307
2212900
2186555
2224721
2176242
2213502
2182551
2169765
2197293
2165809
2201972
2211925
2199971
2201918
2202334
2201980
2197708
2208105
2176446
2184605
2199782
2183894
2199240
2200135
2172324
2194077
2176240
2163819
2186554
2138005
2172997
2181338
2161228
2199382
2163789
2169856
2153602
2190587
2192789
2181410
2175680
2190886
2169675
2191464
2172111
2175606
2187069
2187340
2182250
2168587
2165133
2186706
2152577
2202202
2178161
2160274
2169033
2134070
2145248
2181357
2163748
2178305
2134249
2171722
2164510
2177145
2178048
2177071
2147650
2156712
2171721
2132602
2140517
2160261
2149331
2152574
2159455
2152744
2150440
2202159
2149261
2134066
2143181
2143643
