Summary: Events from 2019-10-01 to 2020-04-18, total number 36 
https://dukegroups.com/events?show=past&event_type=7335&from_date=01+Oct+2019&to_date=18+Apr+2020
[eventId]
697183
698911
700248
670144
692372
692461
676217
676208
676199
692371
670143
687084
643001
687083
680857
662177
676207
676216
676198
670142
683042
685811
676206
676215
643775
676197
670141
682476
643772
676195
670139
661140
670030
643774
643770
Summary: Events from 2020-04-19 to 2020-11-05, total number 174 
https://dukegroups.com/events?show=past&event_type=7335&from_date=19+Apr+2020&to_date=05+Nov+2020
[eventId]
783998
771138
873217
783997
808659
808668
808677
876852
812233
872882
812232
866946
783996
771137
838097
866941
866937
861444
783995
808658
808667
808676
828199
852454
824266
861441
828815
812231
838067
852450
864521
783994
771136
847217
852445
783993
808657
808666
808675
852408
812230
852347
838100
783992
756285
771135
851009
850894
740188
787378
783991
808656
808665
808674
850887
838069
850633
812229
860020
783990
771134
850888
787725
866994
847215
849354
787377
783989
808655
808664
808673
850615
838014
847904
792060
840094
812228
771133
823625
787724
792059
792058
840088
828160
787376
783988
808654
808663
808672
835294
794748
812227
783987
771132
787723
794747
794743
787375
783986
808653
808662
808671
794742
812226
810219
783985
746357
771131
787698
794736
748334
794734
804574
787374
783984
807955
794718
794705
794700
812221
803125
783983
744524
748326
771122
794698
748319
740185
770547
787309
783941
748287
740838
771290
748116
756782
734161
748281
772450
773600
768844
739590
739677
748191
738111
748071
745749
771279
748175
744980
753957
748054
748065
749048
738652
738058
748045
748034
738650
735649
735645
725184
725183
725175
715112
721991
715705
708691
708690
708289
709911
708463
709443
Summary: Events from 2020-11-06 to 2021-05-25, total number 202 
https://dukegroups.com/events?show=past&event_type=7335&from_date=06+Nov+2020&to_date=25+May+2021
[eventId]
1093612
1093606
1018216
1075804
1080432
1078721
949386
1035631
1069016
1073011
1075769
1075798
949385
1018215
1075791
1075778
1075785
1075787
1074741
1076898
949384
1035630
1074737
1075781
1065659
1074699
949383
1018214
1074697
1051878
1065630
949382
1035629
1054448
1056416
894256
1043424
1061410
1043415
949381
1018213
1043412
1043406
949380
1035628
1059903
1045753
894252
1043371
1053065
1043362
949379
1018212
1043357
1040213
1041507
1043345
949378
917497
989332
1035627
1033648
1043339
1040269
949377
1018211
1040252
1020828
1017924
1040227
1004708
918862
1037160
1040577
934095
1013604
949376
1035626
1040237
1013594
918859
1025476
1018210
1037139
1038489
1030402
1037137
918855
1030401
949375
1030397
1035621
1009384
1010653
1029946
949374
1018201
1029914
918853
1006234
1009365
1009375
937079
997194
949373
937077
1018022
995354
917458
918847
949372
937074
937072
937068
951881
949371
937037
987635
967460
918825
937028
949370
990134
937027
967439
918822
943129
992493
918819
949369
935381
936891
989459
938897
949368
936870
938887
935797
936857
936874
935810
936852
918817
942452
936843
949367
936800
938724
935357
918811
934285
918814
935333
918810
924479
949363
935318
934282
939838
932791
918808
937942
932786
932703
918797
867764
904411
932692
932687
926885
904560
901421
904559
904558
904557
904556
899519
889516
889511
889853
869548
812235
864272
838105
784000
883091
876857
783999
808661
808669
808678
838110
876854
883087
883070
812234
882632
881472
838113
871702
882630
Summary: Events from 2021-05-26 to 2021-12-12, total number 144 
https://dukegroups.com/events?show=past&event_type=7335&from_date=26+May+2021&to_date=12+Dec+2021
[eventId]
1368093
1356899
1396253
1368897
1368298
1372894
1156089
1230975
1387445
1379229
1376623
1388118
1356898
1376914
1238100
1382194
1368893
1230974
1358752
1369138
1370724
1368708
1376608
1382403
1238099
1368707
1368891
1359000
1230973
1368699
1358600
1359821
1368693
1369523
1278759
1156087
1339857
1358060
1230972
1330228
1350289
1306973
1358963
1356871
1156085
1330248
1335569
1278758
1307930
1339756
1230971
1307897
1154569
1253243
1306958
1349446
1310107
1238094
1278757
1330222
1230970
1330163
1304394
1267459
1306876
1338101
1156084
1306808
1238092
1158008
1278756
1307796
1267443
1267450
1210327
1210249
1230969
1267442
1210320
1306756
1157918
1275010
1187550
1230968
1298087
1154465
1236748
1186428
1278755
1186173
1230004
1189393
1275381
1185962
1230967
1245921
1186273
1269829
1154483
1189374
1185749
1187506
1254800
1189226
1188753
1230966
1186039
1232897
1238660
1148264
1198187
1185645
1236717
1237521
1204451
1208940
1214904
1264042
1157972
1185182
1191446
1157947
1208615
1169521
1182502
1189177
1159421
1185567
1148265
1157904
1215812
1191406
1201163
1179753
1157425
1185441
1179746
1116133
1104421
1102309
1102301
1102305
1102078
Summary: Events from 2021-12-13 to 2022-07-01, total number 148 
https://dukegroups.com/events?show=past&event_type=7335&from_date=13+Dec+2021&to_date=01+Jul+2022
[eventId]
1488613
1536693
1590342
1427519
1488612
1561067
1556639
1536690
1560528
1444294
1562224
1565535
1427518
1564329
1569144
1554919
1488610
1565528
1581771
1564324
1556638
1444293
1562093
1557468
1418171
1578945
1564321
1558125
1422210
1568464
1568335
1488609
1561246
1562032
1556637
1536683
1444292
1532977
1488608
1556597
1418170
1564318
1422039
1569471
1427517
1564306
1542781
1536548
1488607
1564280
1560711
1556636
1444291
1540083
1556585
1418169
1536544
1525282
1427515
1540080
1529898
1488604
1556630
1513429
1520448
1558515
1444290
1540077
1540078
1418168
1536540
1520897
1422020
1556887
1537896
1540076
1488602
1422206
1488601
1529888
1444289
1418167
1422019
1540075
1486546
1488600
1532258
1444288
1505320
1418166
1459386
1427512
1486687
1500851
1477533
1504618
1530589
1488599
1477322
1444287
1418165
1421918
1427475
1486674
1486518
1488598
1444286
1486656
1418164
1462451
1422201
1469860
1479932
1486640
1488594
1460261
1491230
1444281
1434938
1418163
1421911
1421928
1462348
1421888
1458348
1444106
1459470
1405522
1421737
1459457
1450913
1422198
1428493
1418162
1444086
1450951
1459464
1469356
1459475
1459437
1444284
1403939
1448465
1418161
1421636
1444273
1421892
Summary: Events from 2022-07-02 to 2023-01-18, total number 195 
https://dukegroups.com/events?show=past&event_type=7335&from_date=02+Jul+2022&to_date=18+Jan+2023
[eventId]
1969707
1949593
1970133
1949591
1780560
1780559
1780558
1665378
1926642
1780556
1925028
1848459
1920812
1665377
1665400
1780555
1665376
1919056
1799906
1799844
1799853
1900342
1780554
1848458
1754792
1665375
1911051
1912254
1799904
1859366
1799842
1799852
1884939
1900007
1780553
1848457
1754791
1902063
1665374
1902152
1900142
1878810
1639265
1799902
1876614
1799839
1799851
1780552
1848456
1754790
1757789
1870101
1879979
1867202
1883140
1799900
1826329
1872640
1837730
1780551
1848455
1754789
1868120
1855545
1639238
1665373
1665385
1665396
1665407
1665418
1665429
1870099
1870637
1840630
1669332
1639236
1799898
1858973
1799837
1799850
1867177
1856032
1870555
1837729
1867136
1780550
1848454
1850242
1754788
1665372
1665384
1665395
1665406
1665417
1665428
1867098
1870513
1847359
1870097
1865092
1791562
1867075
1840339
1799896
1826325
1799832
1799849
1837728
1780549
1846788
1848451
1754787
1853975
1665371
1665383
1665394
1665405
1665416
1665427
1851635
1837718
1780548
1754786
1665370
1665382
1665393
1665404
1665415
1665426
1816337
1669316
1834067
1768986
1828075
1799894
1799830
1799847
1780547
1754785
1665369
1665381
1665392
1665403
1665414
1665425
1744342
1639234
1768945
1780085
1799882
1799805
1792173
1768914
1792139
1780535
1725471
1754784
1792131
1665368
1665380
1665391
1665402
1665413
1665424
1792108
1768843
1742520
1725469
1792075
1725467
1799892
1799828
1799845
1747634
1711740
1776080
1768821
1780546
1725465
1754768
1665367
1784055
1725419
1691876
1639228
1669224
1674237
1756124
1711615
1712807
1660876
1665360
1712244
1664354
Summary: Events from 2023-01-19 to 2023-08-07, total number 69 
https://dukegroups.com/events?show=past&event_type=7335&from_date=19+Jan+2023&to_date=07+Aug+2023
[eventId]
2132088
2114070
2127994
2127373
2114069
2108398
2120187
2095574
2095570
2099810
2095565
2095562
2090227
2078571
2090969
2033687
1994720
1949605
2090533
2077292
1994718
1949604
2077176
2082513
2077291
1949422
2050961
1994716
2002602
1949603
2065439
2077168
2077287
2053002
1994714
2052851
2002396
1949602
2052818
2066087
2065421
2072371
1949601
2064985
1994711
1949600
1968092
2064928
2052938
2063323
2014997
1949421
1966786
2050342
1968091
1994707
2050338
2050740
1949599
2050322
2057909
2050639
2014994
2049254
1949420
1974795
2042367
2051359
Summary: Events from 2023-08-08 to 2024-02-24, total number 191 
https://dukegroups.com/events?show=past&event_type=7335&from_date=08+Aug+2023&to_date=24+Feb+2024
[eventId]
2248519
2237663
2250293
2249857
2250750
2250765
2250811
2199410
2249890
2250292
2248641
2163198
2250291
2248518
2250290
2250667
2250403
2138557
2163197
2248517
2199409
2250169
2138566
2248640
2163196
2250167
2248516
2250433
2250165
2237645
2250376
2250164
2199408
2237581
2250163
2237626
2248639
2163195
2248515
2250162
2249923
2250039
2199407
2236175
2250038
2163194
2250037
2236173
2143300
2248514
2199406
2231248
2229633
2232837
2236170
2138561
2163193
2232832
2248509
2232829
2238691
2232678
2232827
2199405
2240524
2236149
2232826
2230340
2228458
2228475
2156494
2163192
2232825
2233377
2238686
2230054
2232824
2236144
2135537
2163191
2232823
2236126
2212171
2232820
2172167
2232408
2223314
2199404
2228470
2203744
2223313
2163187
2223309
2138555
2138687
2172166
2223308
2221360
2223307
2199403
2198704
2222057
2140777
2169739
2198703
2211180
2135531
2172165
2198702
2202744
2218176
2207749
2211303
2207660
2203951
2212489
2212858
2212872
2196584
2197220
2203962
2203978
2212486
2196587
2196591
2196594
2196597
2196612
2212481
2196559
2196586
2196588
2196592
2196596
2196610
2196615
2212480
2196555
2196583
2196608
2196611
2196617
2203913
2203956
2212473
2212870
2196558
2196585
2196616
2197222
2203911
2207880
2212471
2212855
2212868
2198691
2199402
2203581
2197282
2198686
2165630
2203662
2206605
2140776
2198684
2138178
2138682
2200788
2202192
2198682
2203585
2172135
2169737
2176425
2198679
2172985
2198675
2140763
2142166
2193987
2169686
2194001
2134031
2172978
2141334
2180399
2157840
2132092
2132091
2132090
